x=[5:0.5:25]/3.6;
y=[2.5:0.2:4.5];
y=[y,4.7:0.3:7.4];
y=[y,7.7:0.35:10.85];
y=[y,11.2:0.4:14.8]